1801213647
1701213965
1400017707
1500012701
1500012709
1500012735
1500012764
1500012783
1500012806
1500012823
1500012830
1500012832
1500012834
1500012838
1500012845
1500012848
1500012850
1500012883
1500012917
1500012918
1500012967
1500012975
1500015444
1500017704
1500017705
1500017740
1600012726
1600012730
1600012732
1600012745
1600012755
1600012769
1600012770
1600012781
1600012787
1600012791
1600012792
1600012793
1600012799
1600012805
1600012807
1600012809
1600012863
1600012893
1600012899
1600012900
1600012906
1600012915
1600012921
1600012925
1600012937
1600012943
1600012945
1600012967
1600012970
1600012978
1600012996
1600013003
1600013004
1600013015
1600017703
1700010614
1700010686
